# name: OF
# type: sparse matrix
# nnz: 13
# rows: 5
# columns: 5
 1 1 0.004000000000000001
 2 1 -0.001
 1 2 -0.001
 2 2 0.003
 3 2 -0.0010000000000000002
 2 3 -0.0010000000000000002
 3 3 0.003000000000000001
 4 3 -0.0010000000000000005
 3 4 -0.0010000000000000005
 4 4 0.003000000000000001
 5 4 -0.0010000000000000002
 4 5 -0.0010000000000000002
 5 5 0.004
